0.0 1.0 -1.0 -0.13333333333333333 0.0 -1.0 -1.0
1.0 -1.0 1.0 0.13333333333333333 0.0 -1.0 1.0
1.0 1.0 1.0 -0.06666666666666667 -1.0 -1.0 -1.0
1.0 -1.0 1.0 0.08333333333333333 0.0 -1.0 -1.0
0.0 1.0 -1.0 0.08333333333333333 -1.0 -1.0 -1.0
0.0 1.0 -1.0 0.0 -1.0 -1.0 -1.0
0.0 -1.0 -1.0 0.4 -1.0 -1.0 -1.0
0.0 1.0 -1.0 -0.4666666666666667 1.0 0.0 -1.0
1.0 1.0 1.0 -0.05 -1.0 0.5 -1.0
1.0 0.0 1.0 -0.26666666666666666 0.0 -1.0 -1.0
1.0 1.0 1.0 -0.43333333333333335 0.0 0.0 -1.0
1.0 -1.0 1.0 0.4666666666666667 -1.0 -1.0 -1.0
0.0 1.0 -1.0 -0.16666666666666666 -1.0 -1.0 -1.0
0.0 1.0 -1.0 0.15 0.0 1.0 -1.0
0.0 1.0 1.0 -0.26666666666666666 -1.0 -1.0 -1.0
1.0 0.0 1.0 0.4166666666666667 -1.0 -1.0 -1.0
0.0 1.0 -1.0 -0.4666666666666667 1.0 0.0 -1.0
1.0 0.0 -1.0 0.0 -1.0 -1.0 -1.0
0.0 1.0 1.0 0.016666666666666666 0.0 -1.0 -1.0
1.0 1.0 1.0 0.0 -1.0 -1.0 -1.0
0.0 0.0 -1.0 0.08333333333333333 -1.0 -1.0 -1.0
1.0 0.0 -1.0 0.06666666666666667 -1.0 -1.0 -1.0
1.0 1.0 1.0 -0.25 -1.0 -1.0 -1.0
1.0 -1.0 -1.0 -0.03333333333333333 -1.0 -1.0 -1.0
0.0 1.0 1.0 -0.36666666666666664 1.0 0.0 -1.0
1.0 1.0 1.0 0.13333333333333333 0.0 1.0 -1.0
0.0 1.0 -1.0 0.0 -1.0 -1.0 -1.0
0.0 -1.0 -1.0 -0.18333333333333332 1.0 0.5 1.0
1.0 1.0 1.0 0.0 -1.0 -1.0 -1.0
0.0 1.0 -1.0 0.0 -1.0 -1.0 -1.0
0.0 -1.0 -1.0 0.16666666666666666 -1.0 -1.0 -1.0
1.0 -1.0 1.0 0.0 0.0 -1.0 1.0
1.0 1.0 1.0 0.0 -1.0 -1.0 -1.0
0.0 0.0 -1.0 0.6 -1.0 -1.0 -1.0
0.0 -1.0 -1.0 -0.03333333333333333 0.0 -1.0 1.0
0.0 -1.0 -1.0 0.2 0.0 -1.0 -1.0
1.0 1.0 -1.0 0.0 -1.0 -1.0 -1.0
0.0 1.0 -1.0 -0.15 -1.0 -1.0 -1.0
0.0 1.0 1.0 -0.2 1.0 -1.0 -1.0
1.0 1.0 1.0 -0.26666666666666666 0.0 -1.0 -1.0
0.0 1.0 1.0 0.16666666666666666 0.0 -1.0 -1.0
0.0 0.0 1.0 -0.05 0.0 -1.0 -1.0
0.0 1.0 -1.0 0.0 -1.0 -1.0 -1.0
1.0 0.0 1.0 -0.45 0.0 0.5 -1.0
1.0 1.0 1.0 -0.18333333333333332 -1.0 -1.0 -1.0
0.0 1.0 -1.0 0.0 -1.0 -1.0 -1.0
0.0 1.0 -1.0 0.0 0.0 -1.0 -1.0
1.0 1.0 1.0 0.0 -1.0 -1.0 -1.0
0.0 1.0 -1.0 0.0 1.0 -1.0 -1.0
0.0 1.0 1.0 -0.2 0.0 -1.0 -1.0
0.0 1.0 -1.0 -0.38333333333333336 1.0 0.0 -1.0
0.0 1.0 -1.0 -0.15 -1.0 -1.0 -1.0
1.0 -1.0 1.0 0.31666666666666665 0.0 -1.0 1.0
1.0 0.0 1.0 -0.016666666666666666 0.0 -1.0 -1.0
0.0 -1.0 -1.0 0.5833333333333334 -1.0 0.0 1.0
1.0 -1.0 -1.0 0.0 -1.0 -1.0 -1.0
1.0 0.0 1.0 -0.15 -1.0 -1.0 -1.0
0.0 1.0 -1.0 -0.025 -1.0 -1.0 -1.0
1.0 0.0 1.0 -0.4166666666666667 0.0 0.5 -1.0
0.0 1.0 -1.0 -0.31666666666666665 1.0 0.5 -1.0
0.0 1.0 -1.0 -0.13333333333333333 -1.0 -1.0 -1.0
1.0 -1.0 1.0 0.13333333333333333 -1.0 -1.0 1.0
0.0 -1.0 -1.0 0.25 0.0 -1.0 1.0
0.0 1.0 -1.0 -0.43333333333333335 1.0 0.5 -1.0
0.0 -1.0 -1.0 0.0 -1.0 -1.0 -1.0
1.0 1.0 -1.0 0.0 0.0 0.0 -1.0
1.0 0.0 1.0 -0.016666666666666666 -1.0 -1.0 -1.0
0.0 1.0 -1.0 -0.18333333333333332 -1.0 -1.0 -1.0
1.0 1.0 1.0 -0.21666666666666667 1.0 0.5 -1.0
0.0 1.0 -1.0 -0.06666666666666667 1.0 -1.0 -1.0
0.0 0.0 -1.0 0.03333333333333333 -1.0 -1.0 -1.0
0.0 1.0 1.0 -0.23333333333333334 1.0 0.5 -1.0
0.0 0.0 -1.0 -0.15 -1.0 -1.0 1.0
0.0 1.0 -1.0 -0.06666666666666667 0.0 -1.0 -1.0
1.0 1.0 -1.0 0.03333333333333333 -1.0 -1.0 1.0
0.0 1.0 -1.0 -0.08333333333333333 -1.0 -1.0 -1.0
0.0 1.0 -1.0 0.0 -1.0 -1.0 -1.0
0.0 1.0 -1.0 0.0 -1.0 -1.0 -1.0
1.0 0.0 -1.0 -0.4861666666666667 -1.0 0.5 -1.0
1.0 1.0 1.0 0.0 -1.0 -1.0 -1.0
0.0 1.0 -1.0 -0.13333333333333333 -1.0 -1.0 -1.0
1.0 1.0 -1.0 -0.016666666666666666 -1.0 -1.0 -1.0
1.0 1.0 1.0 0.0 -1.0 -1.0 -1.0
0.0 -1.0 -1.0 -0.03333333333333333 -1.0 -1.0 -1.0
1.0 0.0 1.0 -0.21666666666666667 -1.0 -1.0 -1.0
1.0 1.0 1.0 0.05 1.0 -1.0 -1.0
0.0 1.0 -1.0 -0.23333333333333334 0.0 1.0 -1.0
0.0 1.0 -1.0 0.0 -1.0 -1.0 -1.0
1.0 -1.0 1.0 -0.11666666666666667 1.0 0.5 1.0
0.0 1.0 -1.0 -0.1 -1.0 -1.0 -1.0
0.0 1.0 -1.0 -0.016666666666666666 -1.0 -1.0 -1.0
0.0 1.0 -1.0 -0.16666666666666666 -1.0 -1.0 -1.0
0.0 -1.0 -1.0 0.26666666666666666 0.0 -1.0 1.0
0.0 1.0 -1.0 -0.06666666666666667 0.0 0.5 -1.0
0.0 1.0 -1.0 0.48333333333333334 -1.0 -1.0 -1.0
0.0 1.0 -1.0 0.0 -1.0 -1.0 -1.0
0.0 -1.0 -1.0 0.6833333333333333 -1.0 -1.0 -1.0
1.0 -1.0 -1.0 -0.11666666666666667 -1.0 0.0 1.0
1.0 0.0 1.0 0.06666666666666667 -1.0 0.0 -1.0
0.0 0.0 -1.0 0.06666666666666667 0.0 -1.0 -1.0
0.0 1.0 1.0 -0.03333333333333333 -1.0 -1.0 -1.0
0.0 1.0 -1.0 0.0 -1.0 -1.0 -1.0
0.0 -1.0 -1.0 -0.15 -1.0 0.0 1.0
0.0 1.0 -1.0 0.05 -1.0 -1.0 -1.0
0.0 1.0 -1.0 0.11666666666666667 1.0 -1.0 -1.0
0.0 1.0 -1.0 -0.03333333333333333 -1.0 -1.0 -1.0
1.0 1.0 1.0 -0.15 -1.0 -1.0 -1.0
1.0 1.0 -1.0 0.0 -1.0 -1.0 -1.0
0.0 1.0 -1.0 0.13333333333333333 -1.0 -1.0 -1.0
1.0 1.0 1.0 0.0 0.0 -1.0 -1.0
0.0 -1.0 -1.0 0.2833333333333333 -1.0 -1.0 -1.0
0.0 1.0 1.0 -0.25833333333333336 0.0 -1.0 -1.0
0.0 1.0 -1.0 -0.13333333333333333 -1.0 -1.0 -1.0
0.0 1.0 1.0 -0.16666666666666666 0.0 -1.0 -1.0
0.0 1.0 1.0 -0.21666666666666667 -1.0 -1.0 -1.0
0.0 1.0 -1.0 -0.15 -1.0 -1.0 -1.0
0.0 1.0 -1.0 0.675 -1.0 -1.0 -1.0
0.0 0.0 -1.0 -0.016666666666666666 0.0 -1.0 -1.0
0.0 -1.0 -1.0 -0.1 -1.0 0.0 1.0
0.0 1.0 1.0 -0.4666666666666667 1.0 0.5 -1.0
0.0 0.0 -1.0 -0.15 1.0 -1.0 1.0
0.0 1.0 -1.0 0.0 -1.0 -1.0 -1.0
0.0 0.0 -1.0 0.041666666666666664 0.0 -1.0 -1.0
1.0 0.0 1.0 0.041666666666666664 -1.0 -1.0 -1.0
0.0 -1.0 -1.0 0.4 -1.0 0.0 1.0
1.0 1.0 -1.0 -0.3 0.0 -1.0 -1.0
0.0 1.0 -1.0 0.0 -1.0 -1.0 -1.0
1.0 1.0 -1.0 -0.1 -1.0 -1.0 -1.0
1.0 1.0 1.0 0.0 0.0 0.0 -1.0
0.0 1.0 -1.0 0.25 -1.0 -1.0 -1.0
0.0 1.0 -1.0 0.05 -1.0 -1.0 -1.0
0.0 1.0 -1.0 -0.16666666666666666 -1.0 -1.0 -1.0
0.0 1.0 1.0 0.2833333333333333 0.0 -1.0 -1.0
1.0 0.0 1.0 -0.016666666666666666 0.0 -1.0 -1.0
0.0 0.0 -1.0 -0.08333333333333333 -1.0 -1.0 -1.0
0.0 0.0 -1.0 -0.11666666666666667 -1.0 -1.0 -1.0
1.0 -1.0 1.0 -0.18333333333333332 -1.0 0.5 -1.0
0.0 -1.0 -1.0 0.11666666666666667 0.0 -1.0 -1.0
0.0 1.0 -1.0 -0.23333333333333334 -1.0 -1.0 -1.0
0.0 -1.0 -1.0 -0.1 -1.0 -1.0 1.0
0.0 1.0 1.0 0.0 -1.0 0.5 -1.0
1.0 1.0 1.0 -0.13333333333333333 -1.0 -1.0 -1.0
1.0 1.0 1.0 -0.1 0.0 -1.0 -1.0
0.0 1.0 -1.0 -0.18333333333333332 -1.0 -1.0 -1.0
0.0 0.0 -1.0 -0.2 -1.0 -1.0 -1.0
0.0 0.0 -1.0 -0.18333333333333332 0.0 0.0 -1.0
1.0 1.0 -1.0 -0.05 -1.0 -1.0 -1.0
0.0 1.0 1.0 -0.35 1.0 0.5 -1.0
0.0 0.0 -1.0 0.10833333333333334 -1.0 0.5 -1.0
0.0 0.0 -1.0 0.2 -1.0 -1.0 -1.0
0.0 0.0 -1.0 0.35 -1.0 -1.0 -1.0
1.0 -1.0 1.0 -0.13333333333333333 0.0 -1.0 1.0
0.0 1.0 -1.0 0.425 -1.0 -1.0 -1.0
0.0 1.0 -1.0 0.175 -1.0 0.5 -1.0
0.0 1.0 -1.0 0.0 -1.0 -1.0 -1.0
0.0 -1.0 -1.0 0.35 -1.0 0.0 1.0
1.0 1.0 1.0 -0.23333333333333334 -1.0 -1.0 -1.0
0.0 1.0 -1.0 0.0 -1.0 -1.0 -1.0
0.0 1.0 -1.0 0.0 -1.0 -1.0 -1.0
0.0 1.0 -1.0 0.0 1.0 0.5 1.0
0.0 1.0 -1.0 0.23333333333333334 -1.0 0.0 -1.0
1.0 0.0 1.0 0.16666666666666666 -1.0 -1.0 -1.0
0.0 1.0 -1.0 -0.06666666666666667 -1.0 -1.0 -1.0
0.0 1.0 -1.0 -0.21666666666666667 -1.0 -1.0 -1.0
0.0 1.0 -1.0 -0.48333333333333334 1.0 0.0 -1.0
1.0 1.0 -1.0 -0.35 -1.0 0.5 -1.0
1.0 -1.0 1.0 0.0 -1.0 0.0 -1.0
0.0 1.0 1.0 0.25 0.0 1.0 -1.0
0.0 -1.0 -1.0 0.0 -1.0 -1.0 -1.0
0.0 1.0 -1.0 -0.03333333333333333 -1.0 -1.0 1.0
0.0 -1.0 -1.0 0.5166666666666667 -1.0 -1.0 -1.0
0.0 1.0 -1.0 -0.43333333333333335 1.0 0.0 -1.0
1.0 1.0 1.0 -0.48333333333333334 0.0 0.0 -1.0
0.0 1.0 -1.0 -0.15 -1.0 -1.0 -1.0
0.0 -1.0 -1.0 0.43333333333333335 -1.0 -1.0 -1.0
0.0 1.0 -1.0 -0.2 0.0 0.0 -1.0
0.0 1.0 -1.0 0.0 1.0 0.0 -1.0
0.0 -1.0 1.0 0.3333333333333333 -1.0 -1.0 -1.0
0.0 0.0 -1.0 0.0 -1.0 -1.0 -1.0
0.0 1.0 -1.0 0.1 -1.0 -1.0 -1.0
0.0 1.0 1.0 0.0 1.0 0.5 1.0
0.0 0.0 -1.0 0.0 -1.0 -1.0 -1.0
0.0 1.0 -1.0 -0.35 1.0 0.5 -1.0
1.0 0.0 -1.0 -0.48333333333333334 1.0 0.0 -1.0
1.0 1.0 1.0 -0.43333333333333335 -1.0 0.5 -1.0
0.0 -1.0 -1.0 0.0 -1.0 -1.0 -1.0
1.0 1.0 1.0 0.0 0.0 -1.0 -1.0
1.0 -1.0 -1.0 0.25 -1.0 -1.0 -1.0
0.0 1.0 -1.0 0.16666666666666666 0.0 0.0 -1.0
0.0 1.0 -1.0 0.1 -1.0 -1.0 -1.0
1.0 0.0 1.0 0.03333333333333333 -1.0 -1.0 -1.0
0.0 0.0 -1.0 -0.18333333333333332 -1.0 -1.0 -1.0
1.0 1.0 1.0 -0.18333333333333332 0.0 -1.0 -1.0
1.0 0.0 -1.0 -0.45 0.0 0.0 -1.0
1.0 -1.0 1.0 0.23333333333333334 -1.0 -1.0 -1.0
1.0 -1.0 1.0 0.4666666666666667 -1.0 -1.0 1.0
0.0 1.0 -1.0 0.0 -1.0 -1.0 -1.0
0.0 1.0 -1.0 0.2 -1.0 0.0 -1.0
1.0 1.0 1.0 0.0 -1.0 -1.0 -1.0
0.0 0.0 1.0 -0.1 -1.0 -1.0 -1.0
0.0 1.0 -1.0 -0.03333333333333333 -1.0 -1.0 -1.0
0.0 1.0 -1.0 0.0 1.0 0.5 1.0
0.0 1.0 -1.0 0.06666666666666667 -1.0 -1.0 -1.0
0.0 1.0 -1.0 0.25833333333333336 -1.0 -1.0 -1.0
1.0 1.0 -1.0 -0.2 -1.0 -1.0 -1.0
0.0 1.0 1.0 -0.4666666666666667 -1.0 0.0 -1.0
0.0 1.0 -1.0 0.03333333333333333 0.0 -1.0 -1.0
1.0 1.0 -1.0 -0.06666666666666667 -1.0 -1.0 -1.0
1.0 1.0 1.0 -0.23333333333333334 -1.0 -1.0 -1.0
1.0 -1.0 -1.0 0.16666666666666666 -1.0 -1.0 -1.0
0.0 1.0 -1.0 -0.1 -1.0 -1.0 -1.0
1.0 0.0 1.0 0.08333333333333333 -1.0 -1.0 -1.0
0.0 1.0 -1.0 -0.13333333333333333 -1.0 -1.0 -1.0
0.0 0.0 -1.0 0.0 -1.0 -1.0 -1.0
0.0 1.0 -1.0 0.0 0.0 -1.0 -1.0
1.0 -1.0 1.0 0.016666666666666666 0.0 -1.0 1.0
1.0 1.0 1.0 -0.05 -1.0 -1.0 -1.0
0.0 0.0 -1.0 0.2 0.0 -1.0 -1.0
1.0 -1.0 1.0 0.03333333333333333 -1.0 -1.0 1.0
0.0 0.0 -1.0 0.0 -1.0 -1.0 -1.0
1.0 1.0 -1.0 -0.23333333333333334 -1.0 -1.0 -1.0
0.0 0.0 -1.0 -0.05 -1.0 -1.0 -1.0
0.0 1.0 -1.0 0.35 -1.0 -1.0 -1.0
0.0 1.0 -1.0 0.0 -1.0 -1.0 -1.0
1.0 -1.0 -1.0 0.13333333333333333 0.0 -1.0 1.0
0.0 1.0 -1.0 -0.13333333333333333 -1.0 -1.0 -1.0
1.0 0.0 -1.0 -0.18333333333333332 -1.0 -1.0 -1.0
0.0 1.0 -1.0 -0.15833333333333333 -1.0 -1.0 -1.0
0.0 0.0 -1.0 -0.2 -1.0 -1.0 -1.0
0.0 1.0 1.0 0.0 1.0 0.0 -1.0
1.0 -1.0 1.0 0.08333333333333333 0.0 -1.0 1.0
0.0 1.0 -1.0 -0.016666666666666666 -1.0 -1.0 -1.0
0.0 0.0 -1.0 0.48333333333333334 -1.0 -1.0 -1.0
1.0 1.0 1.0 -0.4166666666666667 1.0 0.5 -1.0
0.0 0.0 -1.0 -0.1 -1.0 -1.0 -1.0
0.0 1.0 1.0 0.0 -1.0 -1.0 -1.0
0.0 0.0 -1.0 0.23333333333333334 0.0 -1.0 -1.0
1.0 0.0 1.0 -0.36666666666666664 -1.0 0.5 -1.0
0.0 0.0 -1.0 -0.18333333333333332 -1.0 -1.0 -1.0
0.0 0.0 -1.0 0.05 -1.0 -1.0 -1.0
0.0 1.0 1.0 0.0 0.0 -1.0 -1.0
1.0 1.0 1.0 0.0 0.0 -1.0 -1.0
0.0 0.0 -1.0 -0.016666666666666666 -1.0 -1.0 -1.0
0.0 1.0 -1.0 -0.13333333333333333 -1.0 -1.0 -1.0
0.0 1.0 -1.0 0.0 -1.0 -1.0 -1.0
0.0 -1.0 -1.0 0.23333333333333334 1.0 -1.0 1.0
0.0 1.0 1.0 -0.08333333333333333 -1.0 -1.0 -1.0
1.0 0.0 1.0 -0.1 -1.0 0.5 -1.0
1.0 -1.0 -1.0 0.11666666666666667 0.0 0.0 -1.0
0.0 0.0 -1.0 0.4 0.0 -1.0 -1.0
0.0 1.0 -1.0 0.0 -1.0 -1.0 -1.0
0.0 1.0 1.0 -0.016666666666666666 0.0 0.0 -1.0
0.0 -1.0 -1.0 0.5333333333333333 -1.0 -1.0 -1.0
0.0 1.0 -1.0 0.0 0.0 -1.0 -1.0
0.0 1.0 1.0 0.18333333333333332 -1.0 0.5 -1.0
1.0 1.0 1.0 -0.016666666666666666 -1.0 0.5 -1.0
1.0 -1.0 1.0 0.0 -1.0 -1.0 1.0
1.0 -1.0 1.0 0.0 -1.0 -1.0 1.0
1.0 -1.0 1.0 0.08333333333333333 -1.0 -1.0 1.0
1.0 0.0 1.0 0.3333333333333333 -1.0 0.0 -1.0
0.0 1.0 -1.0 0.0 -1.0 -1.0 -1.0
1.0 1.0 -1.0 -0.45 1.0 0.5 -1.0
0.0 -1.0 -1.0 0.36666666666666664 0.0 0.0 1.0
0.0 -1.0 -1.0 0.16666666666666666 -1.0 -1.0 -1.0
0.0 1.0 1.0 0.0 -1.0 -1.0 -1.0
0.0 0.0 -1.0 0.1 -1.0 -1.0 -1.0
0.0 1.0 -1.0 -0.23333333333333334 1.0 0.0 -1.0
1.0 1.0 -1.0 -0.08333333333333333 0.0 -1.0 -1.0
1.0 -1.0 1.0 0.4666666666666667 -1.0 0.0 1.0
1.0 -1.0 1.0 0.08333333333333333 -1.0 -1.0 1.0
0.0 -1.0 -1.0 0.0 -1.0 -1.0 -1.0
1.0 1.0 -1.0 -0.08333333333333333 -1.0 -1.0 -1.0
1.0 0.0 1.0 0.18333333333333332 -1.0 0.0 -1.0
0.0 -1.0 -1.0 0.11666666666666667 -1.0 0.0 -1.0
1.0 1.0 1.0 0.0 -1.0 -1.0 -1.0
1.0 -1.0 1.0 0.55 0.0 -1.0 1.0
0.0 1.0 1.0 0.25 -1.0 -1.0 -1.0
0.0 0.0 -1.0 0.0 -1.0 -1.0 -1.0
0.0 1.0 -1.0 -0.38333333333333336 1.0 0.0 -1.0
1.0 1.0 1.0 0.08333333333333333 0.0 0.0 -1.0
0.0 1.0 -1.0 0.5833333333333334 -1.0 -1.0 -1.0
0.0 1.0 -1.0 -0.03333333333333333 -1.0 -1.0 -1.0
0.0 1.0 -1.0 -0.23333333333333334 -1.0 -1.0 -1.0
1.0 1.0 -1.0 -0.18333333333333332 -1.0 -1.0 -1.0
0.0 -1.0 -1.0 0.0 -1.0 -1.0 -1.0
0.0 1.0 -1.0 0.05 -1.0 -1.0 -1.0
1.0 1.0 -1.0 0.0 -1.0 -1.0 -1.0
0.0 1.0 -1.0 -0.13333333333333333 -1.0 -1.0 -1.0
1.0 0.0 -1.0 0.2 -1.0 -1.0 -1.0
1.0 1.0 1.0 -0.13333333333333333 -1.0 -1.0 -1.0
1.0 -1.0 1.0 -0.06666666666666667 -1.0 -1.0 1.0
1.0 -1.0 1.0 -0.18333333333333332 0.0 -1.0 1.0
0.0 0.0 -1.0 0.1 -1.0 -1.0 -1.0
0.0 1.0 1.0 -0.1 -1.0 -1.0 -1.0
0.0 1.0 -1.0 -0.1 -1.0 -1.0 -1.0
0.0 -1.0 -1.0 0.0 -1.0 -1.0 -1.0
0.0 1.0 -1.0 -0.10833333333333334 -1.0 -1.0 -1.0
0.0 -1.0 1.0 -0.4666666666666667 0.0 0.5 1.0
1.0 -1.0 -1.0 0.0 -1.0 -1.0 -1.0
1.0 -1.0 1.0 0.3333333333333333 -1.0 0.0 1.0
1.0 1.0 1.0 0.0 -1.0 -1.0 -1.0
1.0 1.0 -1.0 0.0 1.0 -1.0 -1.0
0.0 1.0 -1.0 -0.18333333333333332 -1.0 -1.0 -1.0
1.0 0.0 1.0 0.0 -1.0 -1.0 -1.0
0.0 1.0 -1.0 0.0 -1.0 -1.0 -1.0
1.0 -1.0 -1.0 -0.48466666666666663 0.0 0.5 1.0
1.0 -1.0 1.0 0.0 -1.0 -1.0 1.0
1.0 -1.0 1.0 -0.21666666666666667 0.0 -1.0 1.0
0.0 0.0 -1.0 0.0 0.0 -1.0 -1.0
1.0 -1.0 1.0 0.0 -1.0 -1.0 1.0
1.0 -1.0 1.0 -0.1 -1.0 -1.0 1.0
1.0 -1.0 1.0 -0.2 1.0 0.5 1.0
0.0 0.0 1.0 -0.06666666666666667 0.0 0.0 -1.0
0.0 1.0 -1.0 -0.03333333333333333 -1.0 -1.0 -1.0
0.0 0.0 -1.0 0.21666666666666667 0.0 0.0 -1.0
1.0 1.0 1.0 -0.06666666666666667 -1.0 -1.0 -1.0
1.0 0.0 1.0 -0.1 0.0 -1.0 -1.0
0.0 0.0 -1.0 0.4 -1.0 -1.0 -1.0
1.0 -1.0 1.0 0.016666666666666666 -1.0 0.5 1.0
1.0 -1.0 1.0 0.16666666666666666 0.0 0.0 1.0
0.0 1.0 -1.0 -0.13333333333333333 -1.0 -1.0 -1.0
0.0 1.0 -1.0 -0.05 -1.0 -1.0 -1.0
1.0 0.0 1.0 0.0 -1.0 -1.0 -1.0
1.0 0.0 1.0 -0.13333333333333333 0.0 0.0 -1.0
0.0 1.0 -1.0 0.0 1.0 0.5 1.0
1.0 -1.0 1.0 0.1 -1.0 -1.0 1.0
0.0 1.0 -1.0 0.5166666666666667 -1.0 -1.0 -1.0
1.0 0.0 1.0 0.1 -1.0 -1.0 -1.0
1.0 1.0 1.0 0.016666666666666666 0.0 0.0 -1.0
1.0 -1.0 1.0 -0.23333333333333334 -1.0 0.0 1.0
1.0 1.0 1.0 0.0 1.0 -1.0 -1.0
0.0 -1.0 -1.0 0.25833333333333336 -1.0 -1.0 -1.0
0.0 -1.0 -1.0 0.13333333333333333 -1.0 0.0 1.0
0.0 1.0 -1.0 -0.23333333333333334 1.0 -1.0 -1.0
1.0 -1.0 1.0 0.0 0.0 -1.0 1.0
0.0 1.0 -1.0 0.0 -1.0 -1.0 -1.0
0.0 -1.0 -1.0 -0.016666666666666666 0.0 -1.0 1.0
1.0 -1.0 1.0 0.18333333333333332 -1.0 -1.0 1.0
1.0 1.0 -1.0 0.25 -1.0 -1.0 -1.0
0.0 -1.0 -1.0 0.25 -1.0 -1.0 -1.0
1.0 0.0 -1.0 -0.4666666666666667 0.0 0.0 -1.0
1.0 -1.0 1.0 -0.1 1.0 0.5 1.0
0.0 0.0 -1.0 -0.03333333333333333 -1.0 -1.0 -1.0
0.0 0.0 -1.0 -0.08333333333333333 -1.0 -1.0 -1.0
0.0 0.0 -1.0 0.1 -1.0 -1.0 -1.0
1.0 0.0 1.0 -0.1 -1.0 -1.0 -1.0
1.0 0.0 1.0 0.16666666666666666 -1.0 -1.0 -1.0
1.0 1.0 1.0 0.0 0.0 -1.0 -1.0
1.0 1.0 -1.0 -0.45 0.0 0.0 -1.0
0.0 1.0 -1.0 0.2 -1.0 -1.0 -1.0
0.0 1.0 -1.0 -0.11666666666666667 -1.0 -1.0 -1.0
0.0 -1.0 -1.0 0.0 -1.0 -1.0 -1.0
0.0 1.0 -1.0 -0.25 0.0 0.0 -1.0
0.0 1.0 -1.0 -0.08333333333333333 0.0 -1.0 -1.0
0.0 1.0 -1.0 0.0 -1.0 -1.0 -1.0
0.0 1.0 -1.0 -0.03333333333333333 -1.0 -1.0 -1.0
1.0 -1.0 1.0 -0.13333333333333333 -1.0 0.0 -1.0
0.0 0.0 1.0 0.13333333333333333 -1.0 -1.0 -1.0
1.0 1.0 1.0 0.0 -1.0 -1.0 -1.0
1.0 1.0 1.0 0.0 -1.0 -1.0 -1.0
0.0 1.0 -1.0 0.16666666666666666 0.0 1.0 -1.0
0.0 0.0 -1.0 -0.016666666666666666 0.0 -1.0 -1.0
0.0 1.0 1.0 0.25 -1.0 0.0 -1.0
0.0 1.0 -1.0 0.08333333333333333 -1.0 -1.0 -1.0
0.0 1.0 -1.0 0.0 0.0 -1.0 -1.0
0.0 1.0 -1.0 0.0 -1.0 -1.0 -1.0
1.0 -1.0 1.0 0.5 0.0 -1.0 1.0
1.0 1.0 1.0 0.0 -1.0 -1.0 -1.0
1.0 1.0 1.0 0.0 -1.0 -1.0 -1.0
1.0 -1.0 1.0 -0.1 -1.0 -1.0 1.0
1.0 -1.0 -1.0 -0.08333333333333333 0.0 -1.0 1.0
0.0 1.0 -1.0 -0.2 0.0 -1.0 -1.0
0.0 1.0 -1.0 -0.18333333333333332 -1.0 -1.0 -1.0
0.0 -1.0 -1.0 -0.13333333333333333 -1.0 -1.0 1.0
0.0 1.0 1.0 -0.45 1.0 0.0 -1.0
1.0 -1.0 1.0 0.0 0.0 -1.0 1.0
1.0 1.0 1.0 -0.13333333333333333 -1.0 -1.0 -1.0
0.0 -1.0 -1.0 -0.05 -1.0 0.5 1.0
0.0 1.0 -1.0 -0.16666666666666666 -1.0 -1.0 -1.0
0.0 1.0 -1.0 -0.18333333333333332 -1.0 -1.0 -1.0
1.0 -1.0 1.0 0.2 -1.0 -1.0 1.0
1.0 1.0 1.0 -0.48333333333333334 -1.0 0.5 -1.0
0.0 1.0 -1.0 0.03333333333333333 -1.0 -1.0 -1.0
1.0 -1.0 1.0 0.08333333333333333 0.0 -1.0 -1.0
0.0 1.0 -1.0 0.0 -1.0 -1.0 -1.0
0.0 0.0 -1.0 -0.2 -1.0 -1.0 1.0
0.0 1.0 -1.0 -0.48333333333333334 1.0 0.5 -1.0
1.0 0.0 1.0 0.1 -1.0 -1.0 -1.0
0.0 1.0 -1.0 0.0 -1.0 -1.0 -1.0
1.0 0.0 1.0 -0.21666666666666667 -1.0 -1.0 -1.0
1.0 -1.0 -1.0 0.1 0.0 0.5 1.0
1.0 1.0 -1.0 -0.15 -1.0 -1.0 -1.0
0.0 1.0 -1.0 -0.03333333333333333 1.0 -1.0 -1.0
1.0 -1.0 1.0 -0.11666666666666667 0.0 -1.0 1.0
1.0 1.0 1.0 -0.1 -1.0 0.5 -1.0
0.0 1.0 -1.0 -0.13333333333333333 -1.0 -1.0 -1.0
0.0 1.0 1.0 0.016666666666666666 -1.0 -1.0 -1.0
0.0 0.0 -1.0 0.26666666666666666 -1.0 -1.0 -1.0
0.0 0.0 -1.0 -0.11666666666666667 -1.0 -1.0 -1.0
1.0 0.0 1.0 -0.03333333333333333 -1.0 -1.0 -1.0
1.0 1.0 -1.0 0.15 -1.0 -1.0 -1.0
0.0 1.0 -1.0 -0.06666666666666667 -1.0 -1.0 -1.0
0.0 1.0 1.0 -0.15 0.0 -1.0 -1.0
0.0 1.0 -1.0 -0.03333333333333333 0.0 -1.0 -1.0
0.0 1.0 1.0 -0.16666666666666666 -1.0 -1.0 -1.0
0.0 0.0 -1.0 0.06666666666666667 0.0 -1.0 -1.0
0.0 1.0 -1.0 0.35 -1.0 -1.0 -1.0
1.0 0.0 -1.0 -0.45 0.0 0.0 -1.0
0.0 1.0 -1.0 -0.15 -1.0 -1.0 -1.0
0.0 1.0 1.0 0.0 1.0 0.0 -1.0
0.0 1.0 -1.0 0.0 -1.0 -1.0 -1.0
0.0 1.0 -1.0 0.0 -1.0 -1.0 -1.0
1.0 -1.0 1.0 0.05 0.0 -1.0 1.0
0.0 0.0 -1.0 0.0 -1.0 -1.0 -1.0
1.0 1.0 -1.0 0.23333333333333334 -1.0 -1.0 -1.0
0.0 1.0 1.0 0.0 -1.0 -1.0 -1.0
1.0 0.0 1.0 0.06666666666666667 0.0 0.0 -1.0
1.0 0.0 1.0 -0.2 -1.0 0.5 -1.0
0.0 0.0 -1.0 0.0 -1.0 -1.0 -1.0
0.0 1.0 1.0 -0.3333333333333333 -1.0 0.5 -1.0
0.0 1.0 -1.0 0.0 -1.0 -1.0 -1.0
0.0 1.0 -1.0 -0.15 -1.0 -1.0 -1.0
0.0 1.0 -1.0 -0.016666666666666666 -1.0 -1.0 -1.0
0.0 1.0 1.0 -0.03333333333333333 0.0 0.0 -1.0
0.0 1.0 -1.0 -0.2 0.0 0.0 -1.0
0.0 1.0 -1.0 0.0 -1.0 -1.0 -1.0
1.0 0.0 1.0 -0.03333333333333333 0.0 -1.0 -1.0
1.0 0.0 1.0 -0.18333333333333332 -1.0 -1.0 -1.0
0.0 1.0 -1.0 0.0 -1.0 -1.0 -1.0
1.0 1.0 -1.0 0.03333333333333333 -1.0 -1.0 -1.0
1.0 -1.0 -1.0 -0.03333333333333333 -1.0 -1.0 -1.0
1.0 1.0 1.0 0.0 0.0 -1.0 -1.0
1.0 0.0 1.0 0.2 0.0 -1.0 -1.0
0.0 1.0 -1.0 -0.21666666666666667 -1.0 -1.0 -1.0
0.0 -1.0 -1.0 0.3333333333333333 0.0 -1.0 1.0
1.0 -1.0 1.0 -0.26666666666666666 0.0 0.5 1.0
0.0 1.0 1.0 -0.15 1.0 0.5 -1.0
1.0 0.0 1.0 -0.1 1.0 1.0 -1.0
0.0 -1.0 -1.0 0.5666666666666667 0.0 1.0 1.0
0.0 0.0 -1.0 0.016666666666666666 -1.0 -1.0 -1.0
1.0 0.0 1.0 0.25 0.0 0.0 -1.0
0.0 1.0 -1.0 -0.16666666666666666 -1.0 -1.0 -1.0
0.0 1.0 -1.0 -0.08333333333333333 0.0 -1.0 -1.0
1.0 0.0 1.0 -0.03333333333333333 -1.0 -1.0 -1.0
1.0 1.0 -1.0 0.0 -1.0 -1.0 -1.0
1.0 -1.0 -1.0 -0.43333333333333335 -1.0 0.5 1.0
1.0 0.0 1.0 -0.2833333333333333 -1.0 0.0 -1.0
1.0 -1.0 -1.0 0.06666666666666667 -1.0 -1.0 -1.0
1.0 1.0 1.0 -0.4166666666666667 1.0 0.0 -1.0
1.0 -1.0 -1.0 0.36666666666666664 -1.0 -1.0 -1.0
0.0 0.0 -1.0 0.1 0.0 0.5 -1.0
0.0 1.0 -1.0 0.0 0.0 -1.0 -1.0
0.0 -1.0 -1.0 0.0 -1.0 -1.0 -1.0
1.0 -1.0 -1.0 0.31666666666666665 0.0 -1.0 1.0
0.0 1.0 -1.0 0.0 -1.0 -1.0 -1.0
1.0 1.0 -1.0 -0.016666666666666666 -1.0 -1.0 -1.0
0.0 -1.0 -1.0 0.5833333333333334 -1.0 -1.0 -1.0
1.0 -1.0 1.0 0.0 0.0 -1.0 -1.0
1.0 0.0 1.0 0.3333333333333333 -1.0 -1.0 -1.0
0.0 1.0 -1.0 0.0 -1.0 -1.0 -1.0
1.0 -1.0 -1.0 0.3 -1.0 -1.0 -1.0
0.0 1.0 -1.0 0.06666666666666667 -1.0 -1.0 -1.0
0.0 -1.0 -1.0 0.2833333333333333 -1.0 -1.0 -1.0
0.0 0.0 -1.0 0.3 -1.0 -1.0 -1.0
0.0 1.0 -1.0 0.0 -1.0 -1.0 -1.0
0.0 1.0 -1.0 0.13333333333333333 -1.0 -1.0 -1.0
0.0 0.0 -1.0 0.0 -1.0 -1.0 -1.0
0.0 -1.0 -1.0 0.43333333333333335 -1.0 -1.0 -1.0
0.0 1.0 -1.0 0.0 -1.0 -1.0 -1.0
1.0 1.0 1.0 -0.4875 1.0 0.0 -1.0
0.0 1.0 -1.0 0.0 -1.0 -1.0 -1.0
0.0 1.0 -1.0 0.13333333333333333 -1.0 -1.0 -1.0
1.0 0.0 1.0 0.05 0.0 0.5 -1.0
1.0 0.0 1.0 -0.11666666666666667 -1.0 -1.0 -1.0
0.0 1.0 1.0 -0.13333333333333333 -1.0 -1.0 -1.0
0.0 -1.0 -1.0 0.0 -1.0 -1.0 -1.0
0.0 0.0 -1.0 0.06666666666666667 0.0 -1.0 -1.0
0.0 1.0 -1.0 -0.016666666666666666 0.0 -1.0 -1.0
0.0 1.0 -1.0 -0.13333333333333333 -1.0 -1.0 -1.0
1.0 1.0 1.0 -0.4666666666666667 -1.0 0.0 -1.0
0.0 1.0 -1.0 -0.35 1.0 0.5 -1.0
0.0 0.0 -1.0 0.0 -1.0 -1.0 -1.0
0.0 1.0 -1.0 0.3333333333333333 -1.0 -1.0 -1.0
1.0 1.0 1.0 0.55 -1.0 -1.0 -1.0
1.0 -1.0 -1.0 -0.08333333333333333 0.0 -1.0 1.0
0.0 1.0 1.0 0.0 1.0 0.0 -1.0
1.0 -1.0 1.0 0.08333333333333333 0.0 -1.0 1.0
0.0 -1.0 -1.0 0.4666666666666667 -1.0 -1.0 -1.0
0.0 1.0 -1.0 0.0 -1.0 -1.0 -1.0
1.0 1.0 -1.0 -0.35 0.0 0.0 -1.0
0.0 1.0 -1.0 0.0 0.0 -1.0 -1.0
0.0 1.0 -1.0 -0.15 -1.0 -1.0 -1.0
0.0 -1.0 -1.0 0.4166666666666667 -1.0 -1.0 -1.0
0.0 -1.0 -1.0 0.6833333333333333 -1.0 -1.0 -1.0
0.0 1.0 -1.0 -0.15 -1.0 -1.0 -1.0
0.0 1.0 -1.0 0.0 -1.0 -1.0 -1.0
1.0 -1.0 1.0 0.4 0.0 -1.0 1.0
0.0 1.0 -1.0 0.0 -1.0 -1.0 -1.0
0.0 -1.0 1.0 -0.08333333333333333 0.0 0.5 1.0
0.0 1.0 -1.0 -0.1 -1.0 -1.0 -1.0
0.0 1.0 -1.0 -0.21666666666666667 -1.0 -1.0 -1.0
0.0 1.0 1.0 -0.15 -1.0 -1.0 -1.0
0.0 1.0 1.0 0.0 -1.0 -1.0 -1.0
0.0 1.0 1.0 0.11666666666666667 -1.0 -1.0 -1.0
1.0 -1.0 1.0 -0.23333333333333334 -1.0 -1.0 1.0
0.0 -1.0 -1.0 -0.2 0.0 -1.0 1.0
1.0 0.0 1.0 0.05 -1.0 0.5 -1.0
1.0 -1.0 -1.0 0.0 -1.0 -1.0 -1.0
0.0 1.0 -1.0 -0.03333333333333333 -1.0 -1.0 -1.0
1.0 1.0 -1.0 -0.06666666666666667 -1.0 -1.0 1.0
1.0 1.0 -1.0 -0.016666666666666666 -1.0 -1.0 -1.0
0.0 1.0 -1.0 0.0 -1.0 -1.0 -1.0
1.0 -1.0 -1.0 0.1 -1.0 -1.0 -1.0
1.0 -1.0 1.0 0.4 0.0 -1.0 1.0
0.0 1.0 -1.0 -0.1 -1.0 -1.0 -1.0
0.0 -1.0 -1.0 0.2833333333333333 -1.0 -1.0 -1.0
1.0 0.0 1.0 0.06666666666666667 -1.0 -1.0 -1.0
0.0 1.0 -1.0 0.0 -1.0 -1.0 -1.0
1.0 0.0 1.0 0.1 0.0 -1.0 -1.0
0.0 1.0 -1.0 0.03333333333333333 -1.0 -1.0 -1.0
1.0 -1.0 1.0 0.0 -1.0 -1.0 1.0
0.0 1.0 -1.0 -0.13333333333333333 -1.0 -1.0 -1.0
0.0 1.0 -1.0 0.0 -1.0 -1.0 -1.0
1.0 -1.0 1.0 0.23333333333333334 -1.0 0.0 1.0
0.0 1.0 -1.0 0.0 -1.0 -1.0 -1.0
0.0 1.0 -1.0 0.175 -1.0 -1.0 -1.0
1.0 0.0 1.0 0.3333333333333333 -1.0 -1.0 -1.0
0.0 -1.0 -1.0 0.0 -1.0 -1.0 1.0
0.0 1.0 -1.0 0.15 -1.0 -1.0 -1.0
0.0 0.0 -1.0 -0.11666666666666667 1.0 0.0 -1.0
1.0 0.0 1.0 -0.4666666666666667 0.0 0.0 -1.0
0.0 1.0 -1.0 0.0 -1.0 -1.0 -1.0
0.0 1.0 -1.0 -0.21666666666666667 0.0 0.0 -1.0
1.0 1.0 1.0 0.0 -1.0 0.5 -1.0
0.0 1.0 1.0 0.0 -1.0 -1.0 -1.0
1.0 0.0 1.0 -0.38333333333333336 -1.0 0.5 -1.0
0.0 -1.0 -1.0 0.25 -1.0 -1.0 -1.0
1.0 -1.0 1.0 0.0 -1.0 -1.0 1.0
0.0 1.0 -1.0 0.0 -1.0 -1.0 -1.0
1.0 -1.0 1.0 -0.13333333333333333 -1.0 0.5 -1.0
1.0 -1.0 1.0 0.1 -1.0 0.5 1.0
0.0 1.0 1.0 -0.35 1.0 0.5 -1.0
0.0 1.0 1.0 -0.31666666666666665 1.0 0.5 -1.0
1.0 0.0 -1.0 0.03333333333333333 0.0 -1.0 -1.0
0.0 -1.0 -1.0 0.3333333333333333 0.0 -1.0 1.0
0.0 -1.0 -1.0 0.5666666666666667 -1.0 -1.0 -1.0
1.0 0.0 1.0 -0.18333333333333332 0.0 -1.0 -1.0
1.0 0.0 -1.0 0.0 -1.0 -1.0 -1.0
0.0 1.0 -1.0 0.05 0.0 0.0 -1.0
1.0 0.0 -1.0 -0.36666666666666664 0.0 0.0 -1.0
1.0 -1.0 -1.0 -0.21666666666666667 -1.0 0.5 1.0
0.0 0.0 -1.0 -0.05 -1.0 -1.0 -1.0
0.0 1.0 -1.0 0.0 -1.0 -1.0 -1.0
1.0 1.0 -1.0 -0.13333333333333333 -1.0 -1.0 -1.0
1.0 1.0 1.0 -0.13333333333333333 -1.0 -1.0 -1.0
0.0 -1.0 -1.0 0.5333333333333333 -1.0 -1.0 -1.0
1.0 -1.0 1.0 0.3 0.0 -1.0 -1.0
0.0 -1.0 -1.0 0.0 -1.0 -1.0 1.0
1.0 -1.0 1.0 0.15 0.0 0.0 1.0
1.0 1.0 1.0 0.1 0.0 -1.0 -1.0
0.0 1.0 -1.0 0.0 -1.0 -1.0 -1.0
0.0 1.0 -1.0 0.16666666666666666 -1.0 -1.0 -1.0
0.0 0.0 -1.0 -0.03333333333333333 -1.0 -1.0 -1.0
0.0 1.0 -1.0 0.0 -1.0 -1.0 -1.0
0.0 1.0 1.0 0.0 -1.0 -1.0 -1.0
0.0 1.0 -1.0 -0.1 1.0 -1.0 -1.0
0.0 1.0 -1.0 -0.18333333333333332 -1.0 -1.0 -1.0
0.0 1.0 1.0 -0.016666666666666666 -1.0 1.0 -1.0
0.0 1.0 -1.0 0.0 -1.0 -1.0 -1.0
1.0 1.0 -1.0 0.03333333333333333 -1.0 -1.0 -1.0
1.0 0.0 -1.0 0.5333333333333333 -1.0 -1.0 -1.0
1.0 -1.0 1.0 0.38333333333333336 1.0 -1.0 -1.0
1.0 -1.0 -1.0 0.1 -1.0 -1.0 -1.0
1.0 1.0 1.0 0.0 -1.0 -1.0 -1.0
0.0 1.0 -1.0 -0.23333333333333334 -1.0 -1.0 -1.0
0.0 1.0 -1.0 -0.18333333333333332 -1.0 -1.0 -1.0
1.0 0.0 1.0 0.06666666666666667 -1.0 -1.0 -1.0
1.0 -1.0 1.0 0.15 0.0 -1.0 1.0
0.0 1.0 1.0 0.0 0.0 -1.0 -1.0
1.0 1.0 -1.0 0.03333333333333333 -1.0 -1.0 -1.0
1.0 0.0 1.0 -0.08333333333333333 0.0 0.0 -1.0
1.0 -1.0 1.0 0.15 0.0 0.0 1.0
0.0 0.0 -1.0 0.4 -1.0 -1.0 -1.0
0.0 -1.0 -1.0 0.1 -1.0 -1.0 -1.0
0.0 1.0 -1.0 0.0 -1.0 -1.0 -1.0
1.0 -1.0 1.0 -0.2 -1.0 0.5 1.0
0.0 0.0 -1.0 0.2833333333333333 -1.0 -1.0 -1.0
1.0 -1.0 -1.0 0.5 0.0 0.0 1.0
0.0 1.0 -1.0 -0.13333333333333333 -1.0 -1.0 -1.0
0.0 1.0 -1.0 0.0 -1.0 -1.0 -1.0
0.0 1.0 -1.0 0.08333333333333333 -1.0 -1.0 -1.0
1.0 -1.0 1.0 0.36666666666666664 0.0 -1.0 1.0
0.0 1.0 -1.0 0.2833333333333333 -1.0 -1.0 -1.0
0.0 1.0 1.0 0.0 -1.0 0.5 -1.0
0.0 0.0 -1.0 0.11666666666666667 0.0 -1.0 -1.0
0.0 1.0 -1.0 0.1 0.0 0.0 -1.0
1.0 0.0 1.0 0.0 -1.0 -1.0 -1.0
0.0 1.0 -1.0 0.31666666666666665 -1.0 -1.0 -1.0
0.0 1.0 -1.0 0.0 -1.0 -1.0 -1.0
1.0 -1.0 -1.0 0.31666666666666665 0.0 -1.0 1.0
1.0 0.0 1.0 -0.1 1.0 0.0 -1.0
0.0 1.0 -1.0 0.0 -1.0 -1.0 -1.0
0.0 -1.0 -1.0 0.0 -1.0 -1.0 -1.0
0.0 1.0 -1.0 0.23333333333333334 -1.0 -1.0 -1.0
1.0 -1.0 -1.0 0.08333333333333333 -1.0 -1.0 -1.0
0.0 1.0 -1.0 0.1 0.0 -1.0 -1.0
0.0 1.0 -1.0 0.0 -1.0 -1.0 -1.0
1.0 -1.0 -1.0 -0.05 -1.0 -1.0 -1.0
1.0 0.0 1.0 -0.13333333333333333 0.0 0.5 -1.0
1.0 -1.0 1.0 0.16666666666666666 -1.0 -1.0 1.0
0.0 1.0 1.0 0.15 0.0 1.0 -1.0
0.0 1.0 -1.0 0.0 -1.0 -1.0 -1.0
1.0 1.0 1.0 0.0 0.0 -1.0 -1.0
0.0 1.0 -1.0 0.0 -1.0 -1.0 -1.0
0.0 1.0 -1.0 0.08333333333333333 -1.0 -1.0 -1.0
1.0 0.0 1.0 -0.1 0.0 0.5 1.0
0.0 1.0 -1.0 0.06666666666666667 0.0 0.0 -1.0
0.0 1.0 1.0 -0.06666666666666667 0.0 -1.0 -1.0
1.0 0.0 1.0 -0.43333333333333335 1.0 0.0 -1.0
0.0 0.0 -1.0 -0.06666666666666667 -1.0 -1.0 -1.0
0.0 1.0 -1.0 -0.05 0.0 -1.0 -1.0
1.0 -1.0 -1.0 0.2 0.0 -1.0 -1.0
1.0 1.0 -1.0 -0.16666666666666666 0.0 0.0 -1.0
0.0 1.0 -1.0 -0.15 -1.0 -1.0 -1.0
0.0 1.0 -1.0 -0.15 -1.0 -1.0 -1.0
0.0 -1.0 -1.0 0.5166666666666667 -1.0 -1.0 -1.0
0.0 0.0 -1.0 0.45 -1.0 -1.0 -1.0
1.0 -1.0 1.0 -0.15 -1.0 -1.0 1.0
0.0 1.0 -1.0 -0.06666666666666667 -1.0 -1.0 -1.0
0.0 1.0 -1.0 0.0 -1.0 -1.0 -1.0
1.0 -1.0 -1.0 0.8333333333333334 -1.0 -1.0 -1.0
0.0 1.0 -1.0 0.35 -1.0 -1.0 -1.0
1.0 -1.0 -1.0 0.03333333333333333 -1.0 -1.0 -1.0
0.0 -1.0 -1.0 0.0 -1.0 -1.0 -1.0
0.0 1.0 1.0 -0.35 1.0 0.5 -1.0
1.0 0.0 1.0 -0.03333333333333333 -1.0 -1.0 -1.0
0.0 1.0 -1.0 0.03333333333333333 -1.0 -1.0 -1.0
0.0 0.0 -1.0 0.016666666666666666 0.0 0.0 -1.0
0.0 1.0 1.0 0.18333333333333332 -1.0 1.0 -1.0
0.0 1.0 -1.0 0.0 0.0 -1.0 -1.0
0.0 1.0 -1.0 -0.16666666666666666 -1.0 -1.0 -1.0
1.0 -1.0 1.0 -0.1 -1.0 -1.0 1.0
0.0 1.0 1.0 -0.4666666666666667 1.0 0.5 -1.0
1.0 1.0 -1.0 0.0 -1.0 -1.0 1.0
1.0 1.0 1.0 -0.4875 1.0 0.0 -1.0
1.0 -1.0 -1.0 0.3 0.0 -1.0 1.0
0.0 1.0 -1.0 -0.18333333333333332 -1.0 -1.0 -1.0
1.0 -1.0 -1.0 0.43333333333333335 -1.0 -1.0 -1.0
0.0 1.0 -1.0 0.0 -1.0 -1.0 -1.0
1.0 1.0 1.0 -0.11666666666666667 -1.0 -1.0 -1.0
0.0 1.0 -1.0 0.0 -1.0 -1.0 -1.0
1.0 0.0 1.0 -0.2 -1.0 0.0 -1.0
0.0 1.0 -1.0 -0.15 -1.0 -1.0 -1.0
1.0 1.0 1.0 0.0 -1.0 -1.0 -1.0
0.0 1.0 1.0 -0.2 -1.0 -1.0 -1.0
0.0 0.0 -1.0 -0.1 1.0 -1.0 1.0
0.0 1.0 -1.0 0.0 -1.0 -1.0 -1.0
0.0 1.0 1.0 0.03333333333333333 0.0 0.0 -1.0
0.0 0.0 -1.0 -0.11666666666666667 -1.0 -1.0 -1.0
0.0 -1.0 -1.0 0.4666666666666667 -1.0 0.5 1.0
1.0 -1.0 -1.0 0.3333333333333333 1.0 -1.0 1.0
0.0 1.0 -1.0 0.16666666666666666 -1.0 -1.0 -1.0
0.0 -1.0 -1.0 0.2833333333333333 -1.0 -1.0 -1.0
0.0 1.0 -1.0 0.1 -1.0 -1.0 -1.0
1.0 1.0 -1.0 -0.16666666666666666 0.0 -1.0 -1.0
0.0 0.0 -1.0 0.03333333333333333 1.0 -1.0 1.0
0.0 0.0 -1.0 -0.08333333333333333 -1.0 -1.0 -1.0
0.0 1.0 -1.0 0.0 -1.0 -1.0 -1.0
0.0 1.0 -1.0 0.21666666666666667 -1.0 -1.0 -1.0
1.0 -1.0 1.0 0.0 0.0 -1.0 -1.0
1.0 0.0 1.0 0.16666666666666666 0.0 0.0 -1.0
0.0 -1.0 -1.0 0.016666666666666666 0.0 -1.0 -1.0
0.0 0.0 -1.0 0.6666666666666666 -1.0 -1.0 -1.0
1.0 0.0 -1.0 0.016666666666666666 -1.0 -1.0 -1.0
0.0 0.0 -1.0 0.0 -1.0 -1.0 -1.0
0.0 1.0 -1.0 -0.2 -1.0 -1.0 -1.0
0.0 1.0 -1.0 -0.09166666666666666 -1.0 -1.0 -1.0
1.0 1.0 1.0 -0.2 -1.0 -1.0 -1.0
0.0 1.0 1.0 0.21666666666666667 0.0 1.0 -1.0
1.0 -1.0 -1.0 0.1 -1.0 0.0 1.0
0.0 1.0 1.0 0.0 -1.0 -1.0 -1.0
1.0 -1.0 -1.0 -0.05 -1.0 -1.0 1.0
0.0 1.0 -1.0 -0.16666666666666666 -1.0 -1.0 -1.0
0.0 1.0 -1.0 -0.26666666666666666 1.0 0.5 -1.0
0.0 0.0 -1.0 0.5 0.0 0.0 -1.0
0.0 0.0 -1.0 -0.08333333333333333 0.0 0.5 -1.0
0.0 1.0 -1.0 -0.26666666666666666 1.0 0.0 -1.0
0.0 1.0 -1.0 -0.18333333333333332 -1.0 -1.0 -1.0
0.0 1.0 -1.0 -0.2 -1.0 -1.0 -1.0
1.0 -1.0 1.0 -0.25 -1.0 0.0 1.0
1.0 -1.0 -1.0 0.016666666666666666 0.0 -1.0 1.0
1.0 1.0 1.0 -0.43333333333333335 -1.0 0.0 -1.0
1.0 1.0 -1.0 0.0 -1.0 -1.0 1.0
0.0 1.0 -1.0 -0.08333333333333333 -1.0 -1.0 -1.0
0.0 -1.0 -1.0 0.5 -1.0 -1.0 -1.0
0.0 0.0 -1.0 0.36666666666666664 -1.0 -1.0 -1.0
0.0 1.0 -1.0 0.23333333333333334 -1.0 -1.0 -1.0
1.0 1.0 1.0 0.0 -1.0 -1.0 -1.0
0.0 -1.0 -1.0 0.31666666666666665 0.0 0.0 1.0
0.0 1.0 -1.0 0.2 -1.0 -1.0 -1.0
1.0 -1.0 1.0 -0.2 0.0 -1.0 1.0
1.0 -1.0 -1.0 0.08333333333333333 -1.0 -1.0 -1.0
0.0 1.0 1.0 -0.2 -1.0 0.0 -1.0
0.0 1.0 -1.0 -0.08333333333333333 -1.0 -1.0 -1.0
0.0 1.0 -1.0 -0.06666666666666667 0.0 -1.0 -1.0
0.0 0.0 -1.0 0.15 -1.0 -1.0 -1.0
1.0 0.0 1.0 0.25 -1.0 -1.0 -1.0
1.0 -1.0 -1.0 0.2 -1.0 -1.0 -1.0
1.0 -1.0 1.0 -0.13333333333333333 -1.0 -1.0 1.0
1.0 1.0 -1.0 0.0 0.0 0.0 -1.0
1.0 -1.0 1.0 -0.1 -1.0 -1.0 -1.0
0.0 -1.0 -1.0 0.0 -1.0 -1.0 -1.0
1.0 -1.0 -1.0 0.3 0.0 -1.0 -1.0
0.0 1.0 -1.0 -0.016666666666666666 -1.0 -1.0 -1.0
0.0 0.0 -1.0 0.36666666666666664 -1.0 -1.0 -1.0
0.0 1.0 -1.0 -0.18333333333333332 -1.0 -1.0 -1.0
1.0 -1.0 1.0 0.13333333333333333 -1.0 -1.0 1.0
1.0 0.0 1.0 -0.05 -1.0 -1.0 -1.0
0.0 1.0 -1.0 0.0 -1.0 -1.0 -1.0
0.0 1.0 -1.0 0.05 -1.0 -1.0 -1.0
1.0 0.0 1.0 -0.4 -1.0 0.0 -1.0
0.0 1.0 -1.0 -0.21666666666666667 0.0 -1.0 -1.0
0.0 0.0 -1.0 0.06666666666666667 -1.0 -1.0 -1.0
0.0 0.0 -1.0 0.3333333333333333 -1.0 -1.0 -1.0
1.0 -1.0 -1.0 -0.05 0.0 -1.0 -1.0
0.0 1.0 -1.0 -0.16666666666666666 -1.0 -1.0 -1.0
1.0 0.0 1.0 0.0 1.0 -1.0 -1.0
1.0 1.0 1.0 0.0 -1.0 -1.0 -1.0
0.0 0.0 -1.0 -0.08333333333333333 0.0 -1.0 -1.0
0.0 1.0 1.0 -0.08333333333333333 0.0 -1.0 -1.0
1.0 -1.0 1.0 -0.016666666666666666 -1.0 -1.0 1.0
0.0 1.0 -1.0 -0.31666666666666665 -1.0 -1.0 -1.0
0.0 0.0 -1.0 0.0 -1.0 -1.0 -1.0
0.0 0.0 -1.0 -0.11666666666666667 -1.0 -1.0 -1.0
0.0 0.0 -1.0 -0.11666666666666667 -1.0 -1.0 -1.0
0.0 1.0 -1.0 -0.025 -1.0 -1.0 -1.0
0.0 1.0 1.0 0.3 0.0 1.0 -1.0
1.0 -1.0 -1.0 0.08333333333333333 -1.0 -1.0 1.0
0.0 1.0 -1.0 0.0 -1.0 -1.0 -1.0
0.0 1.0 -1.0 0.0 -1.0 -1.0 -1.0
1.0 -1.0 -1.0 0.0 -1.0 -1.0 -1.0
0.0 -1.0 -1.0 0.1 0.0 -1.0 1.0
1.0 -1.0 1.0 -0.15 1.0 0.5 1.0
0.0 1.0 -1.0 -0.1 0.0 -1.0 -1.0
1.0 1.0 -1.0 0.016666666666666666 -1.0 -1.0 -1.0
0.0 -1.0 -1.0 0.6666666666666666 0.0 0.0 1.0
0.0 1.0 -1.0 -0.23333333333333334 0.0 0.0 -1.0
1.0 0.0 1.0 0.0 -1.0 -1.0 -1.0
0.0 -1.0 -1.0 -0.18333333333333332 0.0 -1.0 -1.0
0.0 1.0 -1.0 0.016666666666666666 -1.0 -1.0 -1.0
1.0 0.0 1.0 -0.43333333333333335 0.0 0.0 -1.0
1.0 1.0 -1.0 -0.4 -1.0 0.0 -1.0
0.0 1.0 -1.0 0.05 -1.0 -1.0 -1.0
0.0 1.0 -1.0 -0.11666666666666667 -1.0 -1.0 -1.0
1.0 0.0 1.0 0.3 0.0 0.5 1.0
1.0 0.0 -1.0 -0.4888333333333333 0.0 0.0 -1.0
0.0 1.0 -1.0 -0.03333333333333333 -1.0 -1.0 -1.0
0.0 0.0 -1.0 -0.2 -1.0 -1.0 -1.0
0.0 1.0 -1.0 0.06666666666666667 -1.0 -1.0 -1.0
1.0 -1.0 1.0 0.05 -1.0 -1.0 1.0
0.0 1.0 -1.0 0.0 -1.0 -1.0 -1.0
0.0 1.0 -1.0 0.18333333333333332 -1.0 -1.0 -1.0
1.0 1.0 -1.0 -0.16666666666666666 -1.0 -1.0 -1.0
1.0 -1.0 1.0 0.1 0.0 0.5 1.0
0.0 1.0 -1.0 -0.23333333333333334 -1.0 -1.0 -1.0
1.0 -1.0 1.0 0.35 0.0 -1.0 1.0
0.0 -1.0 -1.0 0.0 -1.0 -1.0 -1.0
0.0 1.0 1.0 0.008333333333333333 -1.0 -1.0 -1.0
0.0 1.0 -1.0 0.0 0.0 -1.0 -1.0
0.0 1.0 -1.0 0.03333333333333333 -1.0 -1.0 -1.0
0.0 1.0 -1.0 -0.1 -1.0 -1.0 -1.0
0.0 1.0 -1.0 0.3 -1.0 -1.0 -1.0
0.0 0.0 1.0 0.45 -1.0 -1.0 -1.0
0.0 1.0 -1.0 0.0 -1.0 -1.0 -1.0
1.0 0.0 1.0 0.4 0.0 1.0 -1.0
0.0 1.0 -1.0 -0.2 -1.0 -1.0 -1.0
0.0 1.0 -1.0 0.0 -1.0 -1.0 -1.0
1.0 1.0 1.0 -0.4166666666666667 -1.0 -1.0 -1.0
0.0 1.0 -1.0 0.0 -1.0 -1.0 -1.0
1.0 -1.0 1.0 0.21666666666666667 -1.0 0.0 1.0
1.0 1.0 1.0 -0.2833333333333333 -1.0 -1.0 -1.0
1.0 -1.0 1.0 -0.21666666666666667 0.0 -1.0 1.0
0.0 -1.0 -1.0 -0.016666666666666666 -1.0 -1.0 -1.0
0.0 1.0 -1.0 0.0 0.0 0.5 -1.0
0.0 1.0 -1.0 -0.08333333333333333 -1.0 -1.0 -1.0
0.0 1.0 -1.0 -0.08333333333333333 -1.0 -1.0 -1.0
1.0 1.0 1.0 -0.2 -1.0 -1.0 -1.0
0.0 1.0 -1.0 -0.36666666666666664 1.0 0.0 -1.0
1.0 1.0 -1.0 -0.48333333333333334 0.0 0.5 -1.0
0.0 -1.0 -1.0 0.26666666666666666 -1.0 -1.0 1.0
0.0 1.0 -1.0 0.0 -1.0 -1.0 -1.0
0.0 0.0 -1.0 -0.23333333333333334 -1.0 -1.0 -1.0
0.0 1.0 1.0 0.0 1.0 0.5 1.0
0.0 -1.0 -1.0 0.0 -1.0 -1.0 -1.0
0.0 1.0 -1.0 -0.08333333333333333 -1.0 -1.0 -1.0
0.0 0.0 -1.0 0.15 -1.0 -1.0 -1.0
1.0 -1.0 1.0 0.31666666666666665 -1.0 -1.0 -1.0
1.0 1.0 1.0 0.016666666666666666 -1.0 -1.0 -1.0
0.0 1.0 -1.0 0.0 -1.0 -1.0 -1.0
0.0 1.0 1.0 0.0 0.0 0.0 -1.0
0.0 0.0 -1.0 0.06666666666666667 -1.0 -1.0 -1.0
1.0 0.0 1.0 0.016666666666666666 0.0 0.0 -1.0
1.0 -1.0 -1.0 -0.31666666666666665 0.0 0.5 1.0
1.0 1.0 -1.0 -0.493 -1.0 0.0 -1.0
1.0 1.0 -1.0 -0.05 -1.0 -1.0 -1.0
0.0 1.0 -1.0 0.016666666666666666 -1.0 -1.0 -1.0
0.0 -1.0 -1.0 0.15 -1.0 -1.0 -1.0
0.0 1.0 1.0 -0.2 -1.0 -1.0 -1.0
0.0 0.0 -1.0 0.15 -1.0 -1.0 -1.0
1.0 -1.0 1.0 0.05 0.0 -1.0 -1.0
0.0 1.0 -1.0 -0.06666666666666667 -1.0 -1.0 -1.0
0.0 1.0 -1.0 0.15 -1.0 -1.0 -1.0
0.0 0.0 -1.0 0.08333333333333333 -1.0 -1.0 -1.0
0.0 1.0 1.0 -0.4 1.0 0.5 -1.0
0.0 1.0 -1.0 0.008333333333333333 -1.0 -1.0 -1.0
0.0 -1.0 -1.0 0.0 -1.0 -1.0 -1.0
0.0 1.0 1.0 -0.11666666666666667 -1.0 -1.0 -1.0
0.0 0.0 -1.0 0.016666666666666666 0.0 0.0 -1.0
0.0 1.0 -1.0 0.21666666666666667 -1.0 -1.0 -1.0
0.0 1.0 -1.0 -0.3333333333333333 1.0 0.5 -1.0
1.0 -1.0 1.0 0.36666666666666664 0.0 0.0 1.0
1.0 1.0 -1.0 -0.05 -1.0 -1.0 -1.0
0.0 -1.0 -1.0 0.13333333333333333 -1.0 -1.0 -1.0
1.0 1.0 1.0 -0.05 -1.0 0.0 -1.0
0.0 1.0 -1.0 -0.4666666666666667 1.0 0.0 -1.0
0.0 1.0 -1.0 0.0 -1.0 -1.0 -1.0
0.0 1.0 -1.0 0.0 -1.0 -1.0 1.0
1.0 0.0 -1.0 -0.48333333333333334 -1.0 0.5 -1.0
1.0 1.0 -1.0 0.0 -1.0 -1.0 -1.0
1.0 -1.0 1.0 0.5333333333333333 -1.0 -1.0 1.0
1.0 1.0 1.0 -0.25 0.0 -1.0 -1.0
1.0 0.0 -1.0 -0.4861666666666667 0.0 0.0 -1.0
0.0 1.0 -1.0 0.0 -1.0 -1.0 -1.0
0.0 1.0 -1.0 -0.11666666666666667 -1.0 -1.0 -1.0
0.0 1.0 -1.0 -0.2 -1.0 -1.0 -1.0
1.0 -1.0 1.0 0.15 0.0 0.0 1.0
0.0 1.0 -1.0 -0.15 -1.0 -1.0 -1.0
0.0 1.0 -1.0 0.0 -1.0 -1.0 -1.0
1.0 1.0 -1.0 0.03333333333333333 -1.0 -1.0 1.0
1.0 -1.0 -1.0 0.0 -1.0 -1.0 -1.0
0.0 1.0 -1.0 -0.16666666666666666 -1.0 -1.0 -1.0
0.0 0.0 -1.0 -0.23333333333333334 -1.0 -1.0 -1.0
1.0 -1.0 1.0 0.0 -1.0 -1.0 -1.0
0.0 1.0 -1.0 0.075 -1.0 -1.0 -1.0
0.0 1.0 -1.0 -0.21666666666666667 -1.0 -1.0 -1.0
0.0 1.0 -1.0 0.2 -1.0 -1.0 -1.0
0.0 1.0 -1.0 0.0 1.0 0.5 1.0
0.0 1.0 -1.0 0.08333333333333333 -1.0 -1.0 -1.0
0.0 0.0 -1.0 -0.03333333333333333 -1.0 0.0 -1.0
1.0 -1.0 1.0 0.0 0.0 -1.0 1.0
0.0 1.0 -1.0 -0.43333333333333335 1.0 0.5 -1.0
0.0 1.0 -1.0 0.7333333333333333 -1.0 -1.0 -1.0
0.0 1.0 1.0 -0.35 0.0 0.0 -1.0
1.0 -1.0 1.0 -0.23333333333333334 -1.0 0.0 -1.0
0.0 0.0 1.0 0.23333333333333334 0.0 -1.0 -1.0
1.0 1.0 1.0 -0.2 -1.0 0.0 -1.0
1.0 -1.0 1.0 0.25 0.0 0.0 1.0
1.0 -1.0 -1.0 0.35 -1.0 -1.0 -1.0
1.0 1.0 1.0 -0.1 -1.0 1.0 -1.0
0.0 1.0 -1.0 0.0 -1.0 -1.0 -1.0
0.0 1.0 -1.0 0.18333333333333332 1.0 -1.0 -1.0
0.0 0.0 -1.0 -0.15 0.0 -1.0 -1.0
1.0 -1.0 1.0 0.3 -1.0 -1.0 -1.0
0.0 1.0 1.0 0.0 1.0 0.5 1.0
0.0 0.0 -1.0 -0.1 -1.0 -1.0 -1.0
1.0 0.0 1.0 0.2 -1.0 -1.0 -1.0
1.0 0.0 1.0 -0.05 0.0 -1.0 -1.0
0.0 -1.0 -1.0 0.016666666666666666 -1.0 -1.0 -1.0
0.0 1.0 -1.0 0.0 -1.0 -1.0 -1.0
1.0 1.0 -1.0 -0.43333333333333335 0.0 0.0 -1.0
0.0 1.0 -1.0 -0.06666666666666667 -1.0 -1.0 -1.0
1.0 -1.0 1.0 0.2833333333333333 0.0 0.0 -1.0
0.0 -1.0 -1.0 0.05 -1.0 -1.0 -1.0
0.0 1.0 -1.0 0.2833333333333333 -1.0 -1.0 -1.0
1.0 0.0 1.0 -0.03333333333333333 0.0 -1.0 -1.0
1.0 1.0 1.0 -0.25 -1.0 -1.0 -1.0
0.0 1.0 -1.0 -0.16666666666666666 -1.0 -1.0 -1.0
0.0 1.0 -1.0 -0.18333333333333332 -1.0 -1.0 -1.0
0.0 1.0 -1.0 0.0 -1.0 -1.0 -1.0
1.0 -1.0 1.0 0.43333333333333335 -1.0 0.0 1.0
1.0 0.0 1.0 -0.08333333333333333 -1.0 0.0 -1.0
0.0 1.0 -1.0 0.05 -1.0 -1.0 -1.0
0.0 1.0 1.0 -0.13333333333333333 -1.0 -1.0 -1.0
0.0 0.0 -1.0 -0.03333333333333333 -1.0 -1.0 -1.0
0.0 1.0 -1.0 -0.08333333333333333 -1.0 -1.0 -1.0
0.0 1.0 1.0 0.15 -1.0 1.0 -1.0
0.0 0.0 -1.0 -0.05 -1.0 -1.0 -1.0
1.0 -1.0 1.0 -0.18333333333333332 -1.0 -1.0 -1.0
0.0 1.0 1.0 0.0 0.0 0.5 -1.0
1.0 -1.0 -1.0 -0.06666666666666667 -1.0 -1.0 -1.0
0.0 1.0 -1.0 0.03333333333333333 -1.0 -1.0 -1.0
